16/12/2006;22:29:00;2.428;0.072;239.890;10.000;0.000;0.000;0.000
16/12/2006;22:30:00;2.388;0.070;239.480;10.000;0.000;0.000;0.000
16/12/2006;22:31:00;0.376;0.100;241.640;1.600;0.000;0.000;0.000
16/12/2006;22:32:00;2.202;0.074;240.070;9.600;0.000;0.000;0.000
16/12/2006;22:33:00;2.430;0.070;239.770;10.000;0.000;0.000;0.000
16/12/2006;22:34:00;2.346;0.052;240.050;9.600;0.000;0.000;0.000
16/12/2006;22:35:00;1.916;0.054;239.750;8.600;0.000;0.000;0.000
16/12/2006;22:36:00;0.384;0.000;240.580;2.400;0.000;0.000;0.000
16/12/2006;22:37:00;2.334;0.060;239.200;9.600;0.000;0.000;0.000
16/12/2006;22:38:00;2.320;0.060;238.840;9.600;0.000;0.000;0.000
16/12/2006;22:39:00;2.306;0.062;238.390;9.600;0.000;0.000;0.000
16/12/2006;22:40:00;2.306;0.064;238.390;9.600;0.000;0.000;0.000
16/12/2006;22:41:00;0.436;0.000;241.060;2.800;0.000;0.000;0.000
16/12/2006;22:42:00;1.584;0.050;240.890;7.800;0.000;0.000;0.000
16/12/2006;22:43:00;2.328;0.062;239.460;9.600;0.000;0.000;0.000
16/12/2006;22:44:00;2.326;0.062;239.270;9.600;0.000;0.000;0.000
16/12/2006;22:45:00;2.334;0.060;239.570;9.600;0.000;0.000;0.000
16/12/2006;22:46:00;1.846;0.054;239.990;8.400;0.000;0.000;0.000
16/12/2006;22:47:00;0.284;0.000;242.040;1.200;0.000;0.000;0.000
16/12/2006;22:48:00;2.342;0.060;239.890;9.800;0.000;0.000;0.000
16/12/2006;22:49:00;2.392;0.000;239.910;10.000;0.000;0.000;0.000
16/12/2006;22:50:00;2.414;0.000;240.020;10.000;0.000;0.000;0.000
16/12/2006;22:51:00;2.414;0.000;239.970;10.000;0.000;0.000;0.000
16/12/2006;22:52:00;0.754;0.086;241.270;4.400;0.000;0.000;0.000
16/12/2006;22:53:00;1.420;0.178;238.640;7.400;0.000;0.000;0.000
16/12/2006;22:54:00;2.468;0.162;237.470;10.400;0.000;0.000;0.000
16/12/2006;22:55:00;2.474;0.164;238.050;10.400;0.000;0.000;0.000
16/12/2006;22:56:00;2.488;0.168;239.030;10.400;0.000;0.000;0.000
16/12/2006;22:57:00;1.810;0.182;240.280;8.600;0.000;0.000;0.000
16/12/2006;22:58:00;0.674;0.200;241.360;4.000;0.000;0.000;0.000
16/12/2006;22:59:00;2.444;0.094;239.420;10.200;0.000;0.000;0.000
16/12/2006;23:00:00;2.410;0.068;238.900;10.000;0.000;0.000;0.000
16/12/2006;23:01:00;2.412;0.070;239.130;10.000;0.000;0.000;0.000
16/12/2006;23:02:00;2.206;0.072;239.370;9.400;0.000;0.000;0.000
16/12/2006;23:03:00;0.370;0.100;241.580;1.600;0.000;0.000;0.000
16/12/2006;23:04:00;2.104;0.076;240.110;9.200;0.000;0.000;0.000
16/12/2006;23:05:00;2.404;0.068;238.730;10.000;0.000;0.000;0.000
16/12/2006;23:06:00;2.418;0.070;239.520;10.000;0.000;0.000;0.000
16/12/2006;23:07:00;2.342;0.000;239.740;9.600;0.000;0.000;0.000
16/12/2006;23:08:00;1.262;0.046;240.960;6.800;0.000;0.000;0.000
16/12/2006;23:09:00;0.852;0.000;241.640;5.200;0.000;0.000;0.000
16/12/2006;23:10:00;2.340;0.060;240.050;9.600;0.000;0.000;0.000
16/12/2006;23:11:00;2.336;0.060;240.070;9.600;0.000;0.000;0.000
16/12/2006;23:12:00;2.334;0.060;239.990;9.600;0.000;0.000;0.000
16/12/2006;23:13:00;2.330;0.060;239.740;9.600;0.000;0.000;0.000
16/12/2006;23:14:00;1.038;0.000;241.170;6.000;0.000;0.000;0.000
16/12/2006;23:15:00;0.386;0.000;242.390;2.400;0.000;0.000;0.000
16/12/2006;23:16:00;2.350;0.060;240.410;9.600;0.000;0.000;0.000
16/12/2006;23:17:00;2.346;0.060;240.500;9.600;0.000;0.000;0.000
16/12/2006;23:18:00;2.346;0.060;240.550;9.600;0.000;0.000;0.000
16/12/2006;23:19:00;1.834;0.052;240.970;8.400;0.000;0.000;0.000
16/12/2006;23:20:00;1.222;0.046;241.580;6.600;0.000;0.000;0.000
16/12/2006;23:21:00;2.342;0.060;240.210;9.600;0.000;0.000;0.000
16/12/2006;23:22:00;2.334;0.060;239.980;9.600;0.000;0.000;0.000
16/12/2006;23:23:00;1.666;0.052;240.650;8.000;0.000;0.000;0.000
16/12/2006;23:24:00;1.198;0.000;241.680;6.600;0.000;0.000;0.000
16/12/2006;23:25:00;2.350;0.058;240.700;9.600;0.000;0.000;0.000
16/12/2006;23:26:00;2.398;0.000;240.700;9.800;0.000;0.000;0.000
16/12/2006;23:27:00;2.444;0.072;240.110;10.200;0.000;0.000;0.000
16/12/2006;23:28:00;0.406;0.098;241.710;2.000;0.000;0.000;0.000
16/12/2006;23:29:00;2.434;0.072;240.130;10.000;0.000;0.000;0.000
16/12/2006;23:30:00;2.502;0.136;240.240;10.400;0.000;0.000;0.000
16/12/2006;23:31:00;2.518;0.176;240.530;10.400;0.000;0.000;0.000
16/12/2006;23:32:00;1.516;0.190;241.360;7.600;0.000;0.000;0.000
16/12/2006;23:33:00;1.498;0.188;241.020;7.600;0.000;0.000;0.000
16/12/2006;23:34:00;2.508;0.174;240.060;10.400;0.000;0.000;0.000
16/12/2006;23:35:00;2.504;0.174;240.090;10.400;0.000;0.000;0.000
16/12/2006;23:36:00;2.492;0.172;239.490;10.400;0.000;0.000;0.000
16/12/2006;23:37:00;0.814;0.204;242.160;4.800;0.000;0.000;0.000
16/12/2006;23:38:00;2.304;0.180;240.950;9.800;0.000;0.000;0.000
16/12/2006;23:39:00;2.530;0.182;241.740;10.400;0.000;0.000;0.000
16/12/2006;23:40:00;2.378;0.000;241.180;9.800;0.000;0.000;0.000
16/12/2006;23:41:00;0.384;0.000;243.730;2.400;0.000;0.000;0.000
16/12/2006;23:42:00;2.370;0.058;241.480;9.800;0.000;0.000;0.000
16/12/2006;23:43:00;2.358;0.058;241.130;9.600;0.000;0.000;0.000
16/12/2006;23:44:00;2.352;0.058;240.960;9.600;0.000;0.000;0.000
16/12/2006;23:45:00;0.416;0.000;242.940;2.400;0.000;0.000;0.000
16/12/2006;23:46:00;2.654;0.062;240.740;11.000;0.000;0.000;0.000
16/12/2006;23:47:00;2.540;0.060;241.230;10.400;0.000;0.000;0.000
16/12/2006;23:48:00;2.526;0.058;241.790;10.800;0.000;0.000;0.000
16/12/2006;23:49:00;1.206;0.000;241.830;5.400;0.000;0.000;0.000
16/12/2006;23:50:00;3.844;0.148;238.710;16.600;0.000;0.000;0.000
16/12/2006;23:51:00;4.122;0.140;237.990;17.600;0.000;0.000;0.000
16/12/2006;23:52:00;3.458;0.000;238.890;14.800;0.000;0.000;0.000
16/12/2006;23:53:00;1.988;0.050;240.260;9.200;0.000;0.000;0.000
16/12/2006;23:54:00;0.596;0.000;240.880;2.400;0.000;0.000;0.000
16/12/2006;23:55:00;1.290;0.000;240.690;6.800;0.000;0.000;0.000
16/12/2006;23:56:00;2.730;0.060;239.430;11.400;0.000;1.000;0.000
16/12/2006;23:57:00;2.734;0.062;239.810;11.400;0.000;2.000;0.000
16/12/2006;23:58:00;2.764;0.066;241.270;11.400;0.000;1.000;0.000
16/12/2006;23:59:00;2.586;0.070;241.630;11.000;0.000;1.000;0.000
17/12/2006;00:00:00;1.044;0.152;242.730;4.400;0.000;2.000;0.000
17/12/2006;00:01:00;1.520;0.220;242.200;7.400;0.000;1.000;0.000
17/12/2006;00:02:00;3.038;0.194;240.140;12.600;0.000;2.000;0.000
17/12/2006;00:03:00;2.974;0.194;239.970;12.400;0.000;1.000;0.000
17/12/2006;00:04:00;2.846;0.198;240.390;11.800;0.000;2.000;0.000
17/12/2006;00:05:00;2.848;0.198;240.590;11.800;0.000;1.000;0.000
17/12/2006;00:06:00;2.858;0.202;241.140;11.800;0.000;1.000;0.000
17/12/2006;00:07:00;2.472;0.208;241.620;10.800;0.000;2.000;0.000
17/12/2006;00:08:00;0.658;0.244;243.750;3.000;0.000;1.000;0.000
17/12/2006;00:09:00;0.838;0.334;242.090;4.800;0.000;2.000;0.000
17/12/2006;00:10:00;2.608;0.298;239.450;10.800;0.000;1.000;0.000
17/12/2006;00:11:00;2.598;0.296;239.440;10.800;0.000;1.000;0.000
17/12/2006;00:12:00;2.560;0.286;238.710;10.800;0.000;2.000;0.000
17/12/2006;00:13:00;2.526;0.278;236.950;10.600;0.000;1.000;0.000
17/12/2006;00:14:00;2.472;0.194;237.550;10.400;0.000;1.000;0.000
17/12/2006;00:15:00;1.658;0.166;238.480;8.000;0.000;1.000;0.000
17/12/2006;00:16:00;0.422;0.184;239.790;1.800;0.000;2.000;0.000
17/12/2006;00:17:00;0.790;0.178;239.470;4.600;0.000;1.000;0.000
17/12/2006;00:18:00;2.436;0.120;238.510;10.200;0.000;1.000;0.000
17/12/2006;00:19:00;2.396;0.056;239.030;10.000;0.000;1.000;0.000
17/12/2006;00:20:00;2.338;0.000;238.370;9.800;0.000;1.000;0.000
17/12/2006;00:21:00;2.304;0.062;238.380;9.600;0.000;0.000;0.000
17/12/2006;00:22:00;0.276;0.000;240.560;1.200;0.000;0.000;0.000
17/12/2006;00:23:00;0.712;0.000;239.840;4.600;0.000;0.000;0.000
17/12/2006;00:24:00;2.332;0.060;239.110;9.600;0.000;0.000;0.000
17/12/2006;00:25:00;2.344;0.058;239.990;9.600;0.000;0.000;0.000
17/12/2006;00:26:00;2.354;0.058;240.640;9.800;0.000;0.000;0.000
17/12/2006;00:27:00;2.332;0.060;239.450;9.600;0.000;0.000;0.000
17/12/2006;00:28:00;2.368;0.056;241.400;9.800;0.000;0.000;0.000
17/12/2006;00:29:00;0.612;0.000;243.680;4.000;0.000;0.000;0.000
17/12/2006;00:30:00;0.286;0.000;244.030;1.200;0.000;0.000;0.000
17/12/2006;00:31:00;1.952;0.050;242.070;8.800;0.000;0.000;0.000
17/12/2006;00:32:00;2.376;0.056;241.860;9.800;0.000;0.000;0.000
17/12/2006;00:33:00;2.374;0.056;241.700;9.800;0.000;0.000;0.000
17/12/2006;00:34:00;2.406;0.000;240.000;10.000;0.000;0.000;0.000
17/12/2006;00:35:00;1.004;0.094;242.000;5.600;0.000;0.000;0.000
17/12/2006;00:36:00;0.388;0.104;242.580;1.600;0.000;0.000;0.000
17/12/2006;00:37:00;1.458;0.090;242.300;7.400;0.000;0.000;0.000
17/12/2006;00:38:00;2.480;0.078;241.860;10.200;0.000;0.000;0.000
17/12/2006;00:39:00;2.454;0.074;240.760;10.200;0.000;0.000;0.000
17/12/2006;00:40:00;2.468;0.078;241.520;10.200;0.000;0.000;0.000
17/12/2006;00:41:00;2.028;0.084;241.880;9.000;0.000;0.000;0.000
17/12/2006;00:42:00;0.382;0.108;243.650;1.600;0.000;0.000;0.000
17/12/2006;00:43:00;0.902;0.098;242.620;5.200;0.000;0.000;0.000
17/12/2006;00:44:00;2.466;0.076;241.430;10.200;0.000;0.000;0.000
17/12/2006;00:45:00;2.456;0.076;241.180;10.200;0.000;0.000;0.000
17/12/2006;00:46:00;2.450;0.074;240.820;10.000;0.000;0.000;0.000
17/12/2006;00:47:00;2.448;0.074;240.780;10.000;0.000;0.000;0.000
17/12/2006;00:48:00;0.930;0.000;242.940;5.600;0.000;0.000;0.000
17/12/2006;00:49:00;0.286;0.000;243.840;1.200;0.000;0.000;0.000
17/12/2006;00:50:00;1.376;0.000;243.110;7.200;0.000;0.000;0.000
17/12/2006;00:51:00;2.456;0.048;241.980;10.000;0.000;0.000;0.000
17/12/2006;00:52:00;2.456;0.048;242.010;10.000;0.000;0.000;0.000
17/12/2006;00:53:00;2.444;0.046;241.380;10.000;0.000;0.000;0.000
17/12/2006;00:54:00;2.122;0.048;240.910;9.200;0.000;0.000;0.000
17/12/2006;00:55:00;0.356;0.070;242.130;1.400;0.000;0.000;0.000
17/12/2006;00:56:00;0.952;0.062;241.500;5.600;0.000;0.000;0.000
17/12/2006;00:57:00;2.426;0.000;240.450;10.000;0.000;0.000;0.000
17/12/2006;00:58:00;2.420;0.000;240.350;10.000;0.000;0.000;0.000
17/12/2006;00:59:00;2.412;0.000;240.650;10.000;0.000;0.000;0.000
17/12/2006;01:00:00;1.008;0.000;242.350;5.400;0.000;0.000;0.000
17/12/2006;01:01:00;0.430;0.000;243.400;1.800;0.000;0.000;0.000
17/12/2006;01:02:00;2.676;0.088;240.690;11.400;0.000;0.000;0.000
17/12/2006;01:03:00;3.766;0.208;239.130;15.600;0.000;0.000;0.000
17/12/2006;01:04:00;4.582;0.258;238.080;19.600;0.000;13.000;0.000
17/12/2006;01:05:00;5.282;0.150;237.380;22.400;0.000;35.000;0.000
17/12/2006;01:06:00;2.362;0.096;241.350;10.400;0.000;28.000;0.000
17/12/2006;01:07:00;3.250;0.084;240.950;13.600;0.000;37.000;0.000
17/12/2006;01:08:00;4.618;0.104;239.610;19.600;0.000;27.000;0.000
17/12/2006;01:09:00;5.242;0.178;239.490;21.800;0.000;37.000;0.000
17/12/2006;01:10:00;4.860;0.198;239.650;20.200;0.000;36.000;0.000
17/12/2006;01:11:00;3.738;0.238;240.390;16.000;0.000;36.000;0.000
17/12/2006;01:12:00;3.426;0.256;240.310;14.400;0.000;37.000;0.000
17/12/2006;01:13:00;5.254;0.214;238.150;22.000;0.000;35.000;0.000
17/12/2006;01:14:00;5.246;0.230;237.910;22.000;0.000;36.000;0.000
17/12/2006;01:15:00;5.216;0.210;237.440;22.000;0.000;36.000;0.000
17/12/2006;01:16:00;3.858;0.240;238.520;16.600;0.000;36.000;0.000
17/12/2006;01:17:00;2.822;0.188;239.550;11.800;0.000;36.000;0.000
17/12/2006;01:18:00;3.840;0.164;238.270;16.600;0.000;35.000;0.000
17/12/2006;01:19:00;4.636;0.140;237.370;19.400;0.000;36.000;0.000
17/12/2006;01:20:00;4.634;0.152;237.170;19.400;0.000;35.000;0.000
17/12/2006;01:21:00;4.652;0.142;237.920;19.400;0.000;36.000;0.000
17/12/2006;01:22:00;3.130;0.130;239.820;14.600;0.000;26.000;0.000
17/12/2006;01:23:00;1.756;0.050;241.180;7.600;0.000;24.000;0.000
17/12/2006;01:24:00;3.478;0.000;239.840;15.000;0.000;36.000;0.000
17/12/2006;01:25:00;4.500;0.000;239.040;18.800;0.000;36.000;0.000
17/12/2006;01:26:00;3.552;0.000;240.290;14.800;0.000;21.000;0.000
17/12/2006;01:27:00;3.940;0.000;239.190;16.600;0.000;28.000;0.000
17/12/2006;01:28:00;2.440;0.000;240.800;10.000;0.000;37.000;0.000
17/12/2006;01:29:00;2.080;0.000;241.610;9.000;0.000;28.000;0.000
17/12/2006;01:30:00;3.652;0.000;240.110;15.200;0.000;22.000;0.000
17/12/2006;01:31:00;4.432;0.000;239.350;18.400;0.000;36.000;0.000
17/12/2006;01:32:00;4.460;0.000;240.080;18.600;0.000;36.000;0.000
17/12/2006;01:33:00;2.186;0.124;242.070;10.000;0.000;17.000;0.000
17/12/2006;01:34:00;2.358;0.124;241.540;9.800;0.000;33.000;0.000
17/12/2006;01:35:00;3.954;0.098;239.840;16.800;0.000;36.000;0.000
17/12/2006;01:36:00;3.746;0.106;240.360;15.600;0.000;25.000;0.000
17/12/2006;01:37:00;3.944;0.098;239.790;16.600;0.000;25.000;0.000
17/12/2006;01:38:00;3.680;0.102;239.550;15.800;0.000;36.000;0.000
17/12/2006;01:39:00;1.670;0.130;242.210;7.200;0.000;24.000;0.000
17/12/2006;01:40:00;3.214;0.118;241.920;14.600;0.000;26.000;0.000
17/12/2006;01:41:00;4.500;0.000;240.420;18.600;0.000;36.000;0.000
17/12/2006;01:42:00;3.800;0.000;241.780;15.800;0.000;26.000;0.000
17/12/2006;01:43:00;2.664;0.000;243.310;11.200;0.000;23.000;0.000
17/12/2006;01:44:00;2.528;0.122;242.920;10.400;0.000;37.000;0.000
17/12/2006;01:45:00;2.668;0.140;241.800;11.600;0.000;18.000;0.000
17/12/2006;01:46:00;4.256;0.184;240.290;17.800;0.000;30.000;0.000
17/12/2006;01:47:00;4.126;0.244;240.610;17.600;0.000;28.000;0.000
17/12/2006;01:48:00;3.216;0.270;242.140;15.000;0.000;31.000;0.000
17/12/2006;01:49:00;0.574;0.302;243.880;2.600;0.000;5.000;0.000
17/12/2006;01:50:00;2.344;0.272;241.490;10.800;0.000;16.000;0.000
17/12/2006;01:51:00;3.804;0.244;240.340;16.200;0.000;23.000;0.000
17/12/2006;01:52:00;4.622;0.240;239.590;19.200;0.000;37.000;0.000
17/12/2006;01:53:00;3.218;0.250;240.380;13.800;0.000;16.000;0.000
17/12/2006;01:54:00;0.774;0.294;242.430;4.200;0.000;5.000;0.000
17/12/2006;01:55:00;0.572;0.300;243.550;2.600;0.000;5.000;0.000
17/12/2006;01:56:00;1.952;0.282;242.330;9.000;0.000;5.000;0.000
17/12/2006;01:57:00;2.608;0.188;241.860;10.800;0.000;4.000;0.000
17/12/2006;01:58:00;2.600;0.134;242.140;10.600;0.000;5.000;0.000
17/12/2006;01:59:00;2.568;0.132;241.970;10.600;0.000;5.000;0.000
17/12/2006;02:00:00;1.334;0.148;242.140;7.000;0.000;5.000;0.000
17/12/2006;02:01:00;0.362;0.124;244.330;1.600;0.000;3.000;0.000
17/12/2006;02:02:00;1.238;0.100;245.860;6.600;0.000;1.000;0.000
17/12/2006;02:03:00;2.448;0.088;244.840;10.000;0.000;2.000;0.000
17/12/2006;02:04:00;2.426;0.082;244.830;9.800;0.000;1.000;0.000
17/12/2006;02:05:00;1.794;0.098;245.800;8.400;0.000;2.000;0.000
17/12/2006;02:06:00;0.288;0.118;247.650;1.200;0.000;1.000;0.000
17/12/2006;02:07:00;0.608;0.120;247.490;3.800;0.000;1.000;0.000
17/12/2006;02:08:00;2.426;0.082;244.730;9.800;0.000;2.000;0.000
17/12/2006;02:09:00;2.442;0.088;244.900;10.000;0.000;1.000;0.000
17/12/2006;02:10:00;2.428;0.084;244.770;9.800;0.000;1.000;0.000
3/12/2007;06:53:00;2.430;0.078;240.910;10.200;0.000;0.000;18.000
3/12/2007;06:54:00;2.528;0.106;240.220;10.600;0.000;1.000;18.000
3/12/2007;06:55:00;2.518;0.102;239.910;10.400;0.000;2.000;17.000
3/12/2007;06:56:00;2.470;0.106;239.990;10.400;0.000;1.000;18.000
3/12/2007;06:57:00;2.526;0.106;240.280;10.600;0.000;1.000;18.000
3/12/2007;06:58:00;2.504;0.100;238.840;10.400;0.000;2.000;17.000
3/12/2007;06:59:00;2.490;0.096;238.600;10.400;0.000;1.000;18.000
3/12/2007;07:00:00;2.482;0.094;237.960;10.400;0.000;2.000;17.000
3/12/2007;07:01:00;2.500;0.098;239.190;10.400;0.000;1.000;18.000
3/12/2007;07:02:00;2.406;0.110;240.270;10.000;0.000;1.000;17.000
3/12/2007;07:03:00;2.342;0.114;240.280;9.600;0.000;2.000;18.000
3/12/2007;07:04:00;2.346;0.114;240.300;9.600;0.000;1.000;18.000
3/12/2007;07:05:00;2.456;0.124;240.580;10.200;0.000;2.000;17.000
3/12/2007;07:06:00;2.594;0.142;240.020;10.800;0.000;1.000;18.000
3/12/2007;07:07:00;2.842;0.248;239.010;11.800;0.000;1.000;18.000
3/12/2007;07:08:00;2.032;0.166;239.600;8.400;0.000;1.000;17.000
3/12/2007;07:09:00;1.856;0.130;240.030;7.600;0.000;0.000;18.000
3/12/2007;07:10:00;1.852;0.130;239.810;7.600;0.000;0.000;18.000
3/12/2007;07:11:00;1.836;0.132;239.880;7.600;0.000;0.000;17.000
3/12/2007;07:12:00;1.838;0.134;239.820;7.600;0.000;0.000;18.000
3/12/2007;07:13:00;1.844;0.134;240.110;7.600;0.000;0.000;18.000
3/12/2007;07:14:00;1.864;0.136;240.650;7.600;0.000;0.000;17.000
3/12/2007;07:15:00;2.000;0.132;240.360;8.200;0.000;0.000;18.000
3/12/2007;07:16:00;2.016;0.132;240.550;8.400;0.000;0.000;18.000
3/12/2007;07:17:00;1.996;0.128;239.250;8.200;0.000;0.000;17.000
3/12/2007;07:18:00;1.986;0.128;239.290;8.200;0.000;0.000;18.000
3/12/2007;07:19:00;2.236;0.120;238.800;9.600;0.000;0.000;17.000
3/12/2007;07:20:00;3.118;0.112;238.090;13.200;0.000;0.000;18.000
3/12/2007;07:21:00;1.922;0.208;239.090;8.000;0.000;0.000;17.000
3/12/2007;07:22:00;1.822;0.098;239.140;7.600;0.000;0.000;18.000
3/12/2007;07:23:00;1.820;0.098;238.990;7.600;0.000;0.000;17.000
3/12/2007;07:24:00;1.832;0.096;238.740;7.600;0.000;0.000;18.000
3/12/2007;07:25:00;2.056;0.098;239.270;8.600;0.000;0.000;17.000
3/12/2007;07:26:00;2.422;0.100;238.520;10.000;0.000;0.000;18.000
3/12/2007;07:27:00;1.920;0.222;239.140;8.200;0.000;0.000;17.000
3/12/2007;07:28:00;1.726;0.306;239.780;7.200;0.000;0.000;18.000
3/12/2007;07:29:00;1.680;0.192;239.930;7.000;0.000;0.000;18.000
3/12/2007;07:30:00;1.872;0.110;241.890;7.600;0.000;0.000;18.000
3/12/2007;07:31:00;1.870;0.110;241.990;7.600;0.000;0.000;18.000
3/12/2007;07:32:00;2.068;0.118;242.130;8.400;0.000;0.000;18.000
3/12/2007;07:33:00;2.016;0.000;242.550;8.200;0.000;0.000;18.000
3/12/2007;07:34:00;1.954;0.000;242.630;8.000;0.000;0.000;18.000
3/12/2007;07:35:00;1.872;0.000;241.580;7.600;0.000;0.000;18.000
3/12/2007;07:36:00;1.874;0.000;241.620;7.600;0.000;0.000;17.000
3/12/2007;07:37:00;1.780;0.000;241.160;7.400;0.000;0.000;18.000
3/12/2007;07:38:00;1.734;0.000;240.550;7.200;0.000;0.000;18.000
3/12/2007;07:39:00;1.728;0.000;239.720;7.200;0.000;0.000;18.000
3/12/2007;07:40:00;1.716;0.000;239.510;7.200;0.000;0.000;17.000
3/12/2007;07:41:00;1.708;0.000;241.020;7.000;0.000;0.000;18.000
3/12/2007;07:42:00;1.700;0.000;241.320;7.000;0.000;0.000;18.000
3/12/2007;07:43:00;1.668;0.000;240.680;6.800;0.000;0.000;18.000
3/12/2007;07:44:00;1.728;0.000;240.480;7.200;0.000;0.000;17.000
3/12/2007;07:45:00;1.740;0.000;240.490;7.200;0.000;0.000;18.000
3/12/2007;07:46:00;1.966;0.000;240.430;8.200;0.000;0.000;18.000
3/12/2007;07:47:00;2.288;0.000;239.610;9.400;0.000;0.000;17.000
3/12/2007;07:48:00;2.390;0.066;238.060;10.000;0.000;0.000;18.000
3/12/2007;07:49:00;2.406;0.106;237.820;10.000;0.000;0.000;17.000
3/12/2007;07:50:00;2.300;0.104;236.850;9.600;0.000;0.000;17.000
3/12/2007;07:51:00;2.326;0.108;237.870;9.800;0.000;0.000;18.000
3/12/2007;07:52:00;2.196;0.114;238.710;9.200;0.000;0.000;17.000
3/12/2007;07:53:00;2.190;0.114;239.050;9.000;0.000;0.000;18.000
3/12/2007;07:54:00;2.176;0.112;238.270;9.000;0.000;0.000;17.000
3/12/2007;07:55:00;1.966;0.104;238.060;8.200;0.000;0.000;18.000
3/12/2007;07:56:00;2.196;0.094;237.550;9.200;0.000;0.000;17.000
3/12/2007;07:57:00;2.208;0.098;237.840;9.200;0.000;0.000;17.000
3/12/2007;07:58:00;2.076;0.098;238.880;8.600;0.000;0.000;18.000
3/12/2007;07:59:00;2.212;0.102;239.110;9.200;0.000;0.000;17.000
3/12/2007;08:00:00;2.760;0.126;239.260;11.400;0.000;0.000;18.000
3/12/2007;08:01:00;2.484;0.118;238.870;10.400;2.000;0.000;17.000
3/12/2007;08:02:00;2.786;0.154;238.620;11.600;1.000;0.000;18.000
3/12/2007;08:03:00;2.636;0.078;238.100;11.000;1.000;0.000;17.000
3/12/2007;08:04:00;2.772;0.064;237.270;11.600;1.000;0.000;17.000
3/12/2007;08:05:00;2.304;0.074;237.260;9.800;1.000;0.000;18.000
3/12/2007;08:06:00;1.712;0.080;238.250;7.200;2.000;0.000;17.000
3/12/2007;08:07:00;1.634;0.082;238.370;6.800;1.000;0.000;18.000
3/12/2007;08:08:00;1.418;0.084;238.420;5.800;1.000;0.000;17.000
3/12/2007;08:09:00;1.416;0.084;238.490;5.800;1.000;0.000;17.000
3/12/2007;08:10:00;1.432;0.090;239.910;5.800;1.000;0.000;18.000
3/12/2007;08:11:00;1.434;0.092;240.250;5.800;2.000;0.000;18.000
3/12/2007;08:12:00;1.426;0.090;239.880;5.800;1.000;0.000;17.000
3/12/2007;08:13:00;3.292;0.066;236.730;14.200;30.000;0.000;18.000
3/12/2007;08:14:00;3.596;0.066;237.450;15.000;38.000;0.000;17.000
3/12/2007;08:15:00;3.568;0.064;236.610;15.000;38.000;0.000;17.000
3/12/2007;08:16:00;3.612;0.070;238.310;15.000;38.000;0.000;17.000
3/12/2007;08:17:00;3.608;0.068;238.210;15.000;37.000;0.000;18.000
3/12/2007;08:18:00;3.594;0.000;238.900;15.000;38.000;0.000;17.000
3/12/2007;08:19:00;3.570;0.000;239.360;14.800;39.000;0.000;18.000
3/12/2007;08:20:00;3.572;0.000;239.500;14.800;38.000;0.000;18.000
3/12/2007;08:21:00;3.548;0.000;238.540;14.800;38.000;0.000;17.000
3/12/2007;08:22:00;3.522;0.000;237.580;14.800;37.000;0.000;17.000
3/12/2007;08:23:00;3.496;0.000;236.670;14.600;37.000;0.000;18.000
3/12/2007;08:24:00;3.480;0.000;236.170;14.600;37.000;0.000;17.000
3/12/2007;08:25:00;3.494;0.000;236.660;14.600;38.000;0.000;17.000
3/12/2007;08:26:00;3.496;0.000;236.630;14.600;37.000;0.000;17.000
3/12/2007;08:27:00;2.992;0.000;237.230;13.200;31.000;0.000;17.000
3/12/2007;08:28:00;1.352;0.000;239.730;5.600;1.000;0.000;18.000
3/12/2007;08:29:00;1.568;0.000;239.230;7.000;4.000;0.000;17.000
3/12/2007;08:30:00;1.452;0.116;239.040;6.000;2.000;0.000;18.000
3/12/2007;08:31:00;1.544;0.232;239.710;6.400;1.000;0.000;18.000
3/12/2007;08:32:00;1.536;0.238;239.380;6.400;1.000;1.000;17.000
3/12/2007;08:33:00;1.530;0.240;239.480;6.400;1.000;2.000;18.000
3/12/2007;08:34:00;1.532;0.240;239.480;6.400;1.000;1.000;17.000
3/12/2007;08:35:00;1.532;0.240;239.630;6.400;2.000;1.000;18.000
3/12/2007;08:36:00;1.538;0.242;239.830;6.400;1.000;2.000;18.000
3/12/2007;08:37:00;1.540;0.242;239.860;6.400;1.000;1.000;17.000
3/12/2007;08:38:00;1.532;0.240;239.200;6.400;1.000;2.000;18.000
3/12/2007;08:39:00;1.524;0.236;238.790;6.400;1.000;1.000;17.000
3/12/2007;08:40:00;1.520;0.236;238.950;6.400;2.000;1.000;18.000
3/12/2007;08:41:00;1.516;0.236;238.910;6.400;1.000;2.000;17.000
3/12/2007;08:42:00;1.520;0.238;239.170;6.400;1.000;1.000;18.000
3/12/2007;08:43:00;1.516;0.236;238.960;6.400;1.000;2.000;17.000
3/12/2007;08:44:00;1.516;0.238;239.130;6.400;1.000;1.000;18.000
3/12/2007;08:45:00;1.460;0.158;239.180;6.000;2.000;1.000;17.000
3/12/2007;08:46:00;1.356;0.000;238.680;5.600;1.000;1.000;18.000
3/12/2007;08:47:00;1.344;0.000;238.640;5.600;1.000;0.000;17.000
9/1/2009;19:17:00;5.052;0.160;238.480;21.200;39.000;0.000;0.000
9/1/2009;19:18:00;5.016;0.156;237.840;21.000;38.000;0.000;0.000
9/1/2009;19:19:00;5.170;0.248;239.050;21.600;39.000;0.000;0.000
9/1/2009;19:20:00;5.024;0.356;237.940;21.000;38.000;0.000;0.000
9/1/2009;19:21:00;5.026;0.352;238.990;21.000;39.000;0.000;0.000
9/1/2009;19:22:00;4.972;0.340;237.670;20.800;38.000;0.000;0.000
9/1/2009;19:23:00;4.378;0.336;239.040;18.400;39.000;0.000;0.000
9/1/2009;19:24:00;4.320;0.334;239.780;18.000;39.000;0.000;0.000
9/1/2009;19:25:00;4.318;0.330;239.800;18.000;39.000;0.000;0.000
9/1/2009;19:26:00;3.502;0.226;240.890;15.200;28.000;0.000;0.000
9/1/2009;19:27:00;1.966;0.214;241.630;8.200;1.000;0.000;0.000
9/1/2009;19:28:00;1.902;0.106;241.360;7.800;0.000;0.000;0.000
9/1/2009;19:29:00;1.900;0.102;241.320;7.800;0.000;0.000;0.000
9/1/2009;19:30:00;1.896;0.102;241.470;7.800;0.000;0.000;0.000
9/1/2009;19:31:00;1.878;0.100;240.270;7.800;0.000;0.000;0.000
9/1/2009;19:32:00;1.886;0.100;240.840;7.800;0.000;0.000;0.000
9/1/2009;19:33:00;1.946;0.098;241.630;8.000;0.000;0.000;0.000
9/1/2009;19:34:00;1.916;0.100;242.140;7.800;0.000;0.000;0.000
9/1/2009;19:35:00;1.898;0.098;241.350;7.800;0.000;0.000;0.000
9/1/2009;19:36:00;1.918;0.100;242.650;7.800;0.000;0.000;0.000
9/1/2009;19:37:00;1.474;0.104;243.550;6.400;0.000;0.000;0.000
9/1/2009;19:38:00;0.754;0.110;244.770;3.000;0.000;0.000;0.000
9/1/2009;19:39:00;0.756;0.110;245.050;3.000;0.000;0.000;0.000
9/1/2009;19:40:00;0.754;0.110;244.970;3.000;0.000;0.000;0.000
9/1/2009;19:41:00;1.014;0.110;245.390;4.400;0.000;0.000;0.000
9/1/2009;19:42:00;1.790;0.106;243.730;7.200;0.000;0.000;0.000
9/1/2009;19:43:00;1.814;0.128;243.070;7.400;0.000;0.000;0.000
9/1/2009;19:44:00;1.860;0.210;243.340;7.600;0.000;0.000;0.000
9/1/2009;19:45:00;1.858;0.212;243.980;7.600;0.000;0.000;0.000
9/1/2009;19:46:00;1.686;0.214;243.840;7.000;0.000;0.000;0.000
9/1/2009;19:47:00;1.770;0.210;243.290;7.200;0.000;0.000;0.000
9/1/2009;19:48:00;1.652;0.078;243.710;6.800;0.000;0.000;0.000
9/1/2009;19:49:00;1.446;0.058;243.900;5.800;0.000;0.000;0.000
9/1/2009;19:50:00;1.444;0.058;243.540;5.800;0.000;0.000;0.000
9/1/2009;19:51:00;1.442;0.058;243.410;5.800;0.000;0.000;0.000
9/1/2009;19:52:00;1.440;0.058;243.390;5.800;0.000;0.000;0.000
9/1/2009;19:53:00;1.436;0.058;243.440;5.800;0.000;0.000;0.000
9/1/2009;19:54:00;1.436;0.058;243.750;5.800;0.000;0.000;0.000
9/1/2009;19:55:00;1.788;0.070;243.560;7.600;0.000;0.000;0.000
9/1/2009;19:56:00;2.080;0.070;243.870;9.000;1.000;0.000;0.000
9/1/2009;19:57:00;1.440;0.000;244.200;6.000;1.000;0.000;0.000
9/1/2009;19:58:00;1.338;0.000;243.000;5.400;1.000;0.000;0.000
9/1/2009;19:59:00;1.360;0.000;242.420;5.600;2.000;0.000;0.000
9/1/2009;20:00:00;1.456;0.108;244.320;6.000;1.000;0.000;0.000
9/1/2009;20:01:00;1.464;0.110;244.600;6.000;1.000;0.000;0.000
9/1/2009;20:02:00;1.476;0.114;245.280;6.000;1.000;0.000;0.000
9/1/2009;20:03:00;2.014;0.140;243.700;8.600;2.000;0.000;0.000
9/1/2009;20:04:00;1.846;0.090;243.550;8.000;1.000;0.000;0.000
9/1/2009;20:05:00;1.596;0.082;243.710;6.600;1.000;0.000;0.000
9/1/2009;20:06:00;1.636;0.088;244.240;6.800;1.000;0.000;0.000
9/1/2009;20:07:00;1.280;0.060;244.940;5.200;2.000;0.000;0.000
9/1/2009;20:08:00;1.284;0.064;244.590;5.200;1.000;0.000;0.000
9/1/2009;20:09:00;1.282;0.062;244.340;5.200;1.000;0.000;0.000
9/1/2009;20:10:00;1.304;0.060;244.740;5.200;2.000;0.000;0.000
9/1/2009;20:11:00;1.298;0.056;243.870;5.200;1.000;0.000;0.000
9/1/2009;20:12:00;1.298;0.060;244.340;5.200;1.000;0.000;0.000
9/1/2009;20:13:00;1.292;0.056;243.570;5.200;1.000;0.000;0.000
9/1/2009;20:14:00;1.278;0.094;243.230;5.200;1.000;0.000;0.000
9/1/2009;20:15:00;1.262;0.070;243.830;5.200;1.000;0.000;0.000
9/1/2009;20:16:00;1.208;0.068;244.450;5.000;2.000;0.000;0.000
9/1/2009;20:17:00;3.074;0.096;240.650;13.200;31.000;0.000;0.000
9/1/2009;20:18:00;3.412;0.100;239.880;14.200;38.000;0.000;0.000
9/1/2009;20:19:00;3.430;0.098;240.730;14.200;39.000;0.000;0.000
9/1/2009;20:20:00;3.410;0.098;240.100;14.200;38.000;0.000;0.000
9/1/2009;20:21:00;3.434;0.098;241.150;14.200;39.000;0.000;0.000
9/1/2009;20:22:00;3.438;0.098;241.570;14.200;39.000;0.000;0.000
9/1/2009;20:23:00;3.454;0.098;242.230;14.200;39.000;0.000;0.000
9/1/2009;20:24:00;3.464;0.096;242.590;14.200;39.000;0.000;0.000
9/1/2009;20:25:00;3.470;0.096;243.010;14.200;39.000;0.000;0.000
9/1/2009;20:26:00;3.464;0.096;242.810;14.200;39.000;0.000;0.000
9/1/2009;20:27:00;3.470;0.094;243.260;14.200;39.000;0.000;0.000
9/1/2009;20:28:00;3.470;0.094;243.280;14.200;39.000;0.000;0.000
9/1/2009;20:29:00;3.490;0.070;242.780;14.400;39.000;0.000;0.000
9/1/2009;20:30:00;2.126;0.000;244.080;9.800;17.000;0.000;0.000
9/1/2009;20:31:00;1.274;0.000;244.250;5.200;1.000;0.000;0.000
9/1/2009;20:32:00;1.266;0.000;243.240;5.200;1.000;0.000;0.000
9/1/2009;20:33:00;1.260;0.000;242.750;5.200;2.000;0.000;0.000
9/1/2009;20:34:00;1.264;0.000;243.710;5.200;1.000;0.000;0.000
9/1/2009;20:35:00;1.268;0.000;244.150;5.200;1.000;0.000;0.000
9/1/2009;20:36:00;1.272;0.000;244.170;5.200;1.000;0.000;0.000
9/1/2009;20:37:00;1.272;0.000;243.400;5.200;1.000;0.000;0.000
9/1/2009;20:38:00;1.258;0.000;242.420;5.200;2.000;0.000;0.000
9/1/2009;20:39:00;1.258;0.000;242.340;5.200;1.000;0.000;0.000
9/1/2009;20:40:00;1.250;0.000;242.030;5.200;1.000;0.000;0.000
9/1/2009;20:41:00;1.196;0.074;242.890;4.800;1.000;0.000;0.000
9/1/2009;20:42:00;1.188;0.078;242.880;4.800;2.000;0.000;0.000
9/1/2009;20:43:00;1.192;0.078;243.330;4.800;1.000;0.000;0.000
9/1/2009;20:44:00;1.192;0.078;243.330;4.800;1.000;0.000;0.000
9/1/2009;20:45:00;1.192;0.078;243.140;4.800;1.000;0.000;0.000
9/1/2009;20:46:00;1.222;0.078;243.920;5.000;2.000;0.000;0.000
9/1/2009;20:47:00;1.386;0.082;245.130;5.600;1.000;0.000;0.000
9/1/2009;20:48:00;1.274;0.082;244.180;5.200;1.000;0.000;0.000
9/1/2009;20:49:00;1.230;0.062;244.730;5.000;1.000;0.000;0.000
9/1/2009;20:50:00;1.312;0.058;244.490;5.400;2.000;0.000;0.000
9/1/2009;20:51:00;1.320;0.060;245.210;5.400;1.000;0.000;0.000
9/1/2009;20:52:00;1.320;0.062;245.500;5.400;1.000;0.000;0.000
9/1/2009;20:53:00;1.308;0.056;243.590;5.400;1.000;0.000;0.000
9/1/2009;20:54:00;1.304;0.058;243.470;5.400;2.000;0.000;0.000
9/1/2009;20:55:00;1.298;0.054;242.560;5.400;1.000;0.000;0.000
9/1/2009;20:56:00;1.296;0.056;242.770;5.200;1.000;0.000;0.000
9/1/2009;20:57:00;1.294;0.054;242.230;5.200;1.000;0.000;0.000
9/1/2009;20:58:00;1.296;0.056;242.930;5.200;2.000;0.000;0.000
9/1/2009;20:59:00;1.396;0.052;242.160;5.800;1.000;0.000;0.000
9/1/2009;21:00:00;1.428;0.050;241.300;5.800;1.000;0.000;0.000
9/1/2009;21:01:00;1.346;0.054;241.630;5.600;1.000;0.000;0.000
9/1/2009;21:02:00;1.388;0.054;242.130;5.800;2.000;0.000;0.000
9/1/2009;21:03:00;1.594;0.050;241.390;6.600;1.000;0.000;0.000
9/1/2009;21:04:00;1.636;0.000;242.230;6.600;1.000;0.000;0.000
9/1/2009;21:05:00;1.618;0.000;242.570;6.600;1.000;0.000;0.000
9/1/2009;21:06:00;1.554;0.094;243.160;6.400;2.000;0.000;0.000
9/1/2009;21:07:00;1.562;0.094;243.530;6.400;1.000;0.000;0.000
9/1/2009;21:08:00;1.556;0.094;242.990;6.400;1.000;0.000;0.000
9/1/2009;21:09:00;1.552;0.094;242.960;6.400;1.000;0.000;0.000
9/1/2009;21:10:00;1.560;0.094;243.290;6.400;1.000;0.000;0.000
9/1/2009;21:11:00;1.556;0.094;243.120;6.400;2.000;0.000;0.000
9/1/2009;21:12:00;1.556;0.090;242.640;6.400;1.000;0.000;0.000
9/1/2009;21:13:00;1.558;0.092;243.110;6.400;1.000;0.000;0.000
9/1/2009;21:14:00;1.554;0.094;242.800;6.400;2.000;0.000;0.000
9/1/2009;21:15:00;1.612;0.000;242.330;6.600;1.000;0.000;0.000
9/1/2009;21:16:00;1.626;0.000;242.510;6.600;1.000;0.000;0.000
9/1/2009;21:17:00;1.624;0.000;242.400;6.600;1.000;0.000;0.000
9/1/2009;21:18:00;1.618;0.000;242.030;6.600;2.000;0.000;0.000
9/1/2009;21:19:00;1.602;0.000;241.240;6.600;1.000;0.000;0.000
9/1/2009;21:20:00;1.594;0.000;240.190;6.600;1.000;0.000;0.000
9/1/2009;21:21:00;1.606;0.000;240.780;6.600;1.000;0.000;0.000
31/1/2010;15:57:00;1.416;0.074;242.100;5.800;0.000;0.000;19.000
31/1/2010;15:58:00;1.426;0.078;243.100;5.800;0.000;0.000;19.000
31/1/2010;15:59:00;1.426;0.076;242.880;5.800;0.000;0.000;19.000
31/1/2010;16:00:00;1.426;0.078;242.960;5.800;0.000;0.000;18.000
31/1/2010;16:01:00;1.420;0.076;242.470;5.800;0.000;0.000;19.000
31/1/2010;16:02:00;1.338;0.048;242.570;5.400;0.000;0.000;19.000
31/1/2010;16:03:00;1.322;0.060;241.690;5.400;0.000;0.000;18.000
31/1/2010;16:04:00;1.326;0.058;241.930;5.400;0.000;0.000;19.000
31/1/2010;16:05:00;1.334;0.058;242.250;5.400;0.000;0.000;19.000
31/1/2010;16:06:00;1.364;0.060;244.210;5.600;0.000;0.000;18.000
31/1/2010;16:07:00;1.454;0.000;243.650;6.000;0.000;0.000;19.000
31/1/2010;16:08:00;1.490;0.000;244.270;6.000;0.000;0.000;19.000
31/1/2010;16:09:00;1.500;0.000;244.950;6.000;0.000;0.000;19.000
31/1/2010;16:10:00;1.492;0.000;244.560;6.000;0.000;0.000;19.000
31/1/2010;16:11:00;1.476;0.000;243.090;6.000;0.000;0.000;19.000
31/1/2010;16:12:00;1.470;0.000;242.480;6.000;0.000;0.000;19.000
31/1/2010;16:13:00;1.466;0.000;242.300;6.000;0.000;0.000;19.000
31/1/2010;16:14:00;1.474;0.000;243.330;6.000;0.000;0.000;18.000
31/1/2010;16:15:00;1.466;0.000;242.740;6.000;0.000;0.000;19.000
31/1/2010;16:16:00;1.482;0.000;244.230;6.000;0.000;0.000;19.000
31/1/2010;16:17:00;1.464;0.000;242.420;6.000;0.000;0.000;19.000
31/1/2010;16:18:00;1.470;0.000;242.790;6.000;0.000;0.000;18.000
31/1/2010;16:19:00;1.438;0.000;241.900;5.800;0.000;0.000;19.000
31/1/2010;16:20:00;1.396;0.078;242.320;5.600;0.000;0.000;19.000
31/1/2010;16:21:00;1.394;0.080;241.450;5.800;0.000;0.000;18.000
31/1/2010;16:22:00;1.404;0.078;242.330;5.800;0.000;0.000;19.000
31/1/2010;16:23:00;1.392;0.080;241.280;5.800;0.000;0.000;18.000
31/1/2010;16:24:00;1.498;0.000;241.360;6.200;0.000;0.000;19.000
31/1/2010;16:25:00;1.496;0.052;241.210;6.200;0.000;0.000;18.000
31/1/2010;16:26:00;1.490;0.052;240.940;6.200;0.000;0.000;19.000
31/1/2010;16:27:00;1.492;0.050;240.840;6.200;0.000;0.000;18.000
31/1/2010;16:28:00;1.492;0.052;241.330;6.200;0.000;0.000;19.000
31/1/2010;16:29:00;1.492;0.052;241.480;6.200;0.000;0.000;18.000
31/1/2010;16:30:00;1.494;0.052;241.580;6.200;0.000;0.000;19.000
31/1/2010;16:31:00;1.484;0.052;240.980;6.000;0.000;0.000;18.000
31/1/2010;16:32:00;1.496;0.054;242.040;6.200;0.000;0.000;19.000
31/1/2010;16:33:00;1.492;0.054;241.970;6.000;0.000;0.000;19.000
31/1/2010;16:34:00;1.494;0.054;242.070;6.000;0.000;0.000;18.000
31/1/2010;16:35:00;1.476;0.050;240.640;6.000;0.000;0.000;19.000
31/1/2010;16:36:00;1.468;0.048;239.890;6.000;0.000;0.000;18.000
31/1/2010;16:37:00;1.464;0.048;239.630;6.000;0.000;0.000;18.000
31/1/2010;16:38:00;1.456;0.046;238.900;6.000;0.000;0.000;18.000
31/1/2010;16:39:00;1.452;0.000;238.440;6.000;0.000;0.000;18.000
31/1/2010;16:40:00;1.464;0.048;239.630;6.000;0.000;0.000;19.000
31/1/2010;16:41:00;1.460;0.048;239.850;6.000;0.000;0.000;18.000
31/1/2010;16:42:00;1.450;0.046;238.860;6.000;0.000;0.000;18.000
31/1/2010;16:43:00;1.448;0.046;238.780;6.000;0.000;0.000;18.000
31/1/2010;16:44:00;1.468;0.050;240.680;6.000;0.000;0.000;19.000
31/1/2010;16:45:00;1.480;0.052;241.160;6.000;0.000;0.000;18.000
31/1/2010;16:46:00;1.480;0.052;241.030;6.000;0.000;0.000;19.000
31/1/2010;16:47:00;1.476;0.050;240.770;6.000;0.000;0.000;18.000
31/1/2010;16:48:00;1.484;0.000;240.020;6.200;0.000;0.000;18.000
31/1/2010;16:49:00;1.436;0.084;239.940;6.000;0.000;0.000;19.000
31/1/2010;16:50:00;1.434;0.084;239.640;6.000;0.000;0.000;18.000
31/1/2010;16:51:00;1.434;0.084;239.750;6.000;0.000;0.000;18.000
31/1/2010;16:52:00;1.440;0.084;240.620;6.000;0.000;0.000;19.000
31/1/2010;16:53:00;1.442;0.084;241.200;6.000;0.000;0.000;18.000
31/1/2010;16:54:00;1.438;0.084;240.780;6.000;0.000;0.000;19.000
31/1/2010;16:55:00;1.486;0.000;239.470;6.200;0.000;0.000;18.000
31/1/2010;16:56:00;1.504;0.000;239.800;6.200;0.000;0.000;18.000
31/1/2010;16:57:00;1.510;0.000;239.830;6.200;0.000;0.000;18.000
31/1/2010;16:58:00;1.506;0.000;239.690;6.200;0.000;0.000;19.000
31/1/2010;16:59:00;1.506;0.000;240.190;6.200;0.000;0.000;18.000
31/1/2010;17:00:00;1.524;0.000;240.960;6.200;0.000;0.000;18.000
31/1/2010;17:01:00;1.518;0.000;240.820;6.200;0.000;0.000;19.000
31/1/2010;17:02:00;1.584;0.000;239.250;6.600;0.000;0.000;18.000
31/1/2010;17:03:00;1.596;0.000;239.030;6.600;0.000;0.000;18.000
31/1/2010;17:04:00;1.588;0.000;239.020;6.600;0.000;0.000;18.000
31/1/2010;17:05:00;1.580;0.000;238.170;6.600;0.000;0.000;18.000
31/1/2010;17:06:00;1.574;0.000;238.640;6.600;0.000;0.000;19.000
31/1/2010;17:07:00;1.580;0.000;240.480;6.400;0.000;0.000;18.000
31/1/2010;17:08:00;1.524;0.084;240.510;6.200;0.000;0.000;18.000
31/1/2010;17:09:00;1.526;0.082;240.870;6.200;0.000;0.000;19.000
31/1/2010;17:10:00;1.520;0.082;240.200;6.200;0.000;0.000;18.000
31/1/2010;17:11:00;1.618;0.000;239.930;6.600;0.000;0.000;18.000
31/1/2010;17:12:00;1.610;0.000;238.880;6.600;0.000;0.000;19.000
31/1/2010;17:13:00;1.620;0.048;239.900;6.600;0.000;0.000;18.000
31/1/2010;17:14:00;1.618;0.048;239.990;6.600;0.000;0.000;18.000
31/1/2010;17:15:00;1.636;0.052;241.640;6.600;0.000;0.000;19.000
31/1/2010;17:16:00;1.632;0.052;241.470;6.600;0.000;0.000;18.000
31/1/2010;17:17:00;1.634;0.052;241.720;6.600;0.000;0.000;19.000
31/1/2010;17:18:00;1.628;0.052;241.280;6.600;0.000;0.000;18.000
31/1/2010;17:19:00;1.644;0.054;242.680;6.600;0.000;0.000;19.000
31/1/2010;17:20:00;1.636;0.054;241.920;6.600;0.000;0.000;19.000
31/1/2010;17:21:00;1.624;0.052;241.260;6.600;0.000;0.000;18.000
31/1/2010;17:22:00;1.608;0.048;240.120;6.600;0.000;0.000;18.000
31/1/2010;17:23:00;1.608;0.048;240.040;6.600;0.000;0.000;19.000
31/1/2010;17:24:00;1.608;0.048;240.050;6.600;0.000;0.000;18.000
31/1/2010;17:25:00;1.602;0.046;239.500;6.600;0.000;0.000;18.000
31/1/2010;17:26:00;1.616;0.050;240.770;6.600;0.000;0.000;19.000
31/1/2010;17:27:00;1.606;0.050;240.330;6.600;0.000;0.000;18.000
31/1/2010;17:28:00;1.610;0.050;240.770;6.600;0.000;0.000;19.000
31/1/2010;17:29:00;1.600;0.048;239.930;6.600;0.000;0.000;18.000
31/1/2010;17:30:00;1.604;0.050;240.140;6.600;0.000;0.000;18.000
31/1/2010;17:31:00;1.596;0.048;239.540;6.600;0.000;0.000;18.000
31/1/2010;17:32:00;1.606;0.050;240.390;6.600;0.000;0.000;19.000
31/1/2010;17:33:00;1.592;0.048;239.330;6.600;0.000;0.000;18.000
31/1/2010;17:34:00;1.526;0.050;239.310;6.400;0.000;0.000;18.000
31/1/2010;17:35:00;1.504;0.082;238.980;6.200;0.000;0.000;18.000
31/1/2010;17:36:00;1.506;0.082;239.200;6.200;0.000;0.000;19.000
31/1/2010;17:37:00;1.496;0.084;238.190;6.200;0.000;0.000;18.000
31/1/2010;17:38:00;1.492;0.084;237.920;6.200;0.000;0.000;18.000
31/1/2010;17:39:00;1.502;0.082;238.780;6.200;0.000;0.000;18.000
31/1/2010;17:40:00;1.496;0.082;238.390;6.200;0.000;0.000;18.000
31/1/2010;17:41:00;1.516;0.082;239.980;6.200;0.000;0.000;18.000
31/1/2010;17:42:00;1.512;0.082;239.760;6.200;0.000;0.000;18.000
31/1/2010;17:43:00;1.544;0.060;239.600;6.400;0.000;0.000;19.000
31/1/2010;17:44:00;1.582;0.000;239.270;6.600;0.000;0.000;18.000
31/1/2010;17:45:00;1.576;0.000;238.690;6.600;0.000;0.000;18.000
31/1/2010;17:46:00;1.580;0.000;238.780;6.600;0.000;0.000;18.000
31/1/2010;17:47:00;1.568;0.000;237.530;6.600;0.000;0.000;18.000
31/1/2010;17:48:00;1.578;0.000;238.470;6.600;0.000;0.000;18.000
31/1/2010;17:49:00;1.564;0.000;237.440;6.600;0.000;0.000;18.000
31/1/2010;17:50:00;1.574;0.000;237.730;6.600;0.000;0.000;18.000
31/1/2010;17:51:00;1.560;0.000;236.540;6.600;0.000;0.000;18.000
31/1/2010;17:52:00;2.064;0.000;237.060;8.600;0.000;0.000;18.000
31/1/2010;17:53:00;2.218;0.000;235.300;9.400;0.000;0.000;17.000
31/1/2010;17:54:00;2.424;0.000;235.870;10.200;0.000;0.000;18.000
31/1/2010;17:55:00;2.388;0.000;235.580;10.000;0.000;0.000;18.000
31/1/2010;17:56:00;2.334;0.080;236.670;9.800;0.000;0.000;17.000
31/1/2010;17:57:00;2.412;0.000;236.020;10.200;0.000;0.000;18.000
31/1/2010;17:58:00;2.812;0.052;238.490;11.800;0.000;0.000;18.000
31/1/2010;17:59:00;2.786;0.052;240.190;11.600;0.000;0.000;19.000
31/1/2010;18:00:00;2.812;0.056;241.590;11.600;0.000;0.000;18.000
31/1/2010;18:01:00;2.840;0.054;241.020;11.800;0.000;0.000;19.000
31/1/2010;18:02:00;3.034;0.048;239.860;12.600;0.000;0.000;18.000
31/1/2010;18:03:00;3.148;0.000;238.890;13.000;0.000;0.000;18.000
31/1/2010;18:04:00;3.374;0.134;239.200;14.000;0.000;0.000;18.000
31/1/2010;18:05:00;2.578;0.080;237.310;10.800;0.000;0.000;18.000
31/1/2010;18:06:00;2.648;0.066;237.030;11.200;0.000;0.000;18.000
31/1/2010;18:07:00;2.450;0.068;236.930;10.200;0.000;0.000;18.000
31/1/2010;18:08:00;2.440;0.066;236.470;10.200;0.000;0.000;18.000
31/1/2010;18:09:00;2.430;0.066;235.950;10.200;0.000;0.000;17.000
31/1/2010;18:10:00;2.434;0.066;236.200;10.200;0.000;0.000;18.000
31/1/2010;18:11:00;2.440;0.066;236.560;10.200;0.000;0.000;18.000
31/1/2010;18:12:00;2.442;0.066;236.690;10.200;0.000;0.000;18.000
31/1/2010;18:13:00;2.364;0.066;236.220;10.000;0.000;0.000;18.000
31/1/2010;18:14:00;2.486;0.066;236.610;10.400;0.000;0.000;17.000
31/1/2010;18:15:00;2.492;0.068;236.260;10.400;0.000;0.000;18.000
31/1/2010;18:16:00;2.514;0.070;237.590;10.600;0.000;0.000;18.000
31/1/2010;18:17:00;2.504;0.068;237.190;10.400;0.000;0.000;18.000
31/1/2010;18:18:00;2.868;0.064;236.960;12.200;0.000;0.000;18.000
31/1/2010;18:19:00;2.600;0.000;237.180;11.000;0.000;0.000;18.000
31/1/2010;18:20:00;2.262;0.058;238.560;9.400;0.000;0.000;18.000
31/1/2010;18:21:00;2.100;0.056;238.040;8.800;0.000;0.000;18.000
31/1/2010;18:22:00;2.096;0.058;237.840;8.800;0.000;0.000;18.000
31/1/2010;18:23:00;2.088;0.058;237.320;8.800;0.000;0.000;18.000
31/1/2010;18:24:00;2.096;0.058;237.800;8.800;0.000;0.000;18.000
31/1/2010;18:25:00;2.410;0.046;236.910;10.200;0.000;0.000;22.000
31/1/2010;18:26:00;2.628;0.106;237.830;11.000;0.000;0.000;27.000
31/1/2010;18:27:00;2.650;0.102;237.610;11.000;0.000;0.000;28.000
31/1/2010;18:28:00;2.660;0.096;236.770;11.200;0.000;0.000;27.000
31/1/2010;18:29:00;2.660;0.096;236.660;11.200;0.000;0.000;28.000
31/1/2010;18:30:00;2.516;0.056;237.310;10.600;0.000;0.000;25.000
31/1/2010;18:31:00;2.076;0.058;236.780;8.600;0.000;0.000;18.000
31/1/2010;18:32:00;2.124;0.000;236.850;9.000;0.000;0.000;18.000
31/1/2010;18:33:00;2.146;0.000;236.620;9.000;0.000;0.000;18.000
31/1/2010;18:34:00;2.152;0.000;237.070;9.000;0.000;0.000;18.000
26/11/2010;20:30:00;0.980;0.000;239.430;4.200;0.000;1.000;0.000
26/11/2010;20:31:00;0.982;0.000;239.330;4.200;0.000;2.000;0.000
26/11/2010;20:32:00;0.982;0.000;240.200;4.200;0.000;1.000;0.000
26/11/2010;20:33:00;0.978;0.000;240.280;4.000;0.000;1.000;0.000
26/11/2010;20:34:00;0.968;0.000;237.570;4.000;0.000;1.000;0.000
26/11/2010;20:35:00;0.960;0.000;238.010;4.000;0.000;1.000;0.000
26/11/2010;20:36:00;0.964;0.000;238.070;4.000;0.000;1.000;0.000
26/11/2010;20:37:00;0.980;0.000;237.900;4.200;0.000;1.000;0.000
26/11/2010;20:38:00;0.976;0.096;236.970;4.000;0.000;2.000;0.000
26/11/2010;20:39:00;0.984;0.100;238.160;4.200;0.000;1.000;0.000
26/11/2010;20:40:00;0.986;0.102;238.920;4.200;0.000;1.000;0.000
26/11/2010;20:41:00;0.990;0.106;239.570;4.200;0.000;1.000;0.000
26/11/2010;20:42:00;0.988;0.106;239.600;4.200;0.000;1.000;0.000
26/11/2010;20:43:00;0.988;0.106;239.640;4.200;0.000;1.000;0.000
26/11/2010;20:44:00;0.982;0.102;238.690;4.000;0.000;1.000;0.000
26/11/2010;20:45:00;0.972;0.092;238.320;4.000;0.000;2.000;0.000
26/11/2010;20:46:00;0.908;0.000;238.530;3.800;0.000;1.000;0.000
26/11/2010;20:47:00;0.910;0.000;238.710;3.800;0.000;1.000;0.000
26/11/2010;20:48:00;0.912;0.000;239.250;3.800;0.000;1.000;0.000
26/11/2010;20:49:00;0.948;0.000;238.160;4.000;0.000;1.000;0.000
26/11/2010;20:50:00;1.198;0.128;238.110;5.000;0.000;1.000;0.000
26/11/2010;20:51:00;1.024;0.106;238.840;4.200;0.000;1.000;0.000
26/11/2010;20:52:00;0.946;0.000;239.050;4.000;0.000;0.000;0.000
26/11/2010;20:53:00;0.944;0.000;238.720;4.000;0.000;0.000;0.000
26/11/2010;20:54:00;0.946;0.000;239.310;4.000;0.000;0.000;0.000
26/11/2010;20:55:00;0.946;0.000;239.740;4.000;0.000;0.000;0.000
26/11/2010;20:56:00;0.942;0.000;239.410;4.000;0.000;0.000;0.000
26/11/2010;20:57:00;0.946;0.000;240.330;4.000;0.000;0.000;0.000
26/11/2010;20:58:00;0.946;0.000;240.430;4.000;0.000;0.000;0.000
26/11/2010;20:59:00;0.944;0.000;240.000;4.000;0.000;0.000;0.000
26/11/2010;21:00:00;0.938;0.000;239.820;3.800;0.000;0.000;0.000
26/11/2010;21:01:00;0.934;0.000;239.700;3.800;0.000;0.000;0.000
26/11/2010;21:02:00;0.932;0.000;239.550;3.800;0.000;0.000;0.000
